[gd_scene load_steps=6 format=3 uid="uid://bb6mbofwl8l13"]

[ext_resource type="Script" uid="uid://b7bvj8if4dxwq" path="res://Player/Player.cs" id="1_l8h54"]
[ext_resource type="Script" uid="uid://c0pyk3jqq7oso" path="res://Player/SmoothCameraArm.cs" id="2_4ntmi"]
[ext_resource type="PackedScene" uid="uid://bmrhm0bna4yd3" path="res://Player/CharacterRig.tscn" id="3_btcbx"]
[ext_resource type="Script" uid="uid://7fvpxx12jwe4" path="res://Player/AttackCast.cs" id="4_gwnis"]

[sub_resource type="CapsuleShape3D" id="CapsuleShape3D_hvfyp"]

[node name="Player" type="CharacterBody3D"]
script = ExtResource("1_l8h54")

[node name="CollisionShape3D" type="CollisionShape3D" parent="."]
shape = SubResource("CapsuleShape3D_hvfyp")

[node name="SmoothCameraArm" type="SpringArm3D" parent="." node_paths=PackedStringArray("_target")]
transform = Transform3D(1, 0, 0, 0, 0.906308, 0.422618, 0, -0.422618, 0.906308, 0, 0, 0)
spring_length = 3.0
script = ExtResource("2_4ntmi")
_target = NodePath("../HorizontalPivot/VerticalPivot")

[node name="Camera3D" type="Camera3D" parent="SmoothCameraArm"]

[node name="HorizontalPivot" type="Node3D" parent="."]

[node name="VerticalPivot" type="Node3D" parent="HorizontalPivot"]

[node name="RigPivot" type="Node3D" parent="."]

[node name="CharacterRig" parent="RigPivot" instance=ExtResource("3_btcbx")]
transform = Transform3D(-1, 0, -8.74228e-08, 0, 1, 0, 8.74228e-08, 0, -1, 0, -0.977566, 0)

[node name="Skeleton3D" parent="RigPivot/CharacterRig/CharacterRig/GameRig" index="0"]
bones/0/position = Vector3(0.0127818, 0.894985, -0.0334746)
bones/1/rotation = Quaternion(-0.0540753, -0.000336172, -0.0045574, 0.998527)
bones/2/rotation = Quaternion(0.00764926, -0.00035163, -0.0122952, 0.999895)
bones/3/position = Vector3(-1.26626e-09, 0.196837, -1.86378e-08)
bones/3/rotation = Quaternion(-0.134264, -0.0136554, 0.0301315, 0.990393)
bones/4/rotation = Quaternion(0.313088, -0.0108135, -0.0315682, 0.949138)
bones/6/rotation = Quaternion(-0.168205, 0.00991693, 0.0157458, 0.985577)
bones/7/position = Vector3(0.0127818, 0.894985, -0.0334745)
bones/8/position = Vector3(0.0127818, 0.894985, -0.0334746)
bones/9/position = Vector3(0.143926, 0.960955, -0.019407)
bones/9/rotation = Quaternion(0.979563, 0.0062356, -0.0273573, 0.199173)
bones/10/position = Vector3(-2.30984e-08, 0.265104, 5.55258e-09)
bones/10/rotation = Quaternion(2.93896e-08, -0.00469919, 5.57866e-09, 0.999989)
bones/11/position = Vector3(-3.73354e-08, 0.265104, 1.05457e-08)
bones/11/rotation = Quaternion(0.477851, -0.00563246, 0.00276626, 0.878419)
bones/12/position = Vector3(1.72629e-08, 0.225092, 4.05717e-08)
bones/12/rotation = Quaternion(-5.27702e-09, -0.00174149, 4.65934e-08, 0.999999)
bones/13/position = Vector3(-2.16794e-08, 0.225092, -6.1009e-09)
bones/13/rotation = Quaternion(-0.734068, 0.0130909, -1.67492e-05, 0.67895)
bones/15/position = Vector3(-0.118362, 0.960956, -0.019407)
bones/15/rotation = Quaternion(0.987902, -0.0137297, 0.0295223, 0.151624)
bones/16/position = Vector3(-8.24008e-09, 0.265016, -2.76771e-08)
bones/16/rotation = Quaternion(-2.24534e-08, 0.001825, -1.40381e-08, 0.999998)
bones/17/position = Vector3(1.44249e-08, 0.265016, -2.48037e-09)
bones/17/rotation = Quaternion(0.475469, 0.00168497, -0.00130941, 0.87973)
bones/18/position = Vector3(1.12016e-08, 0.225009, -1.01726e-08)
bones/18/rotation = Quaternion(-2.20278e-08, -0.00931022, 2.02485e-08, 0.999957)
bones/19/position = Vector3(-1.04656e-08, 0.225009, -3.26566e-09)
bones/19/rotation = Quaternion(-0.672888, -0.0293422, -0.00146113, 0.73916)
bones/21/position = Vector3(0.0374471, 1.41558, 0.0714062)
bones/21/rotation = Quaternion(-0.468301, -0.269219, -0.40426, 0.738099)
bones/22/position = Vector3(0.201008, 1.45955, 0.0120816)
bones/22/rotation = Quaternion(0.0196766, -0.121755, 0.981588, -0.145857)
bones/23/rotation = Quaternion(5.43739e-08, -0.0241095, 3.52475e-08, 0.999709)
bones/24/rotation = Quaternion(0.410367, -0.0201272, -0.0765022, 0.908483)
bones/25/rotation = Quaternion(1.05543e-07, 0.00274948, 8.06967e-08, 0.999996)
bones/26/rotation = Quaternion(0.00844521, 0.00250944, -0.0999416, 0.994954)
bones/46/position = Vector3(0.00103755, 1.41448, 0.070831)
bones/46/rotation = Quaternion(-0.497712, 0.215591, 0.400422, 0.738556)
bones/47/position = Vector3(-0.158496, 1.44874, -0.00470502)
bones/47/rotation = Quaternion(-0.0320149, -0.067101, 0.984107, 0.161262)
bones/48/rotation = Quaternion(8.68244e-08, 0.0511129, 8.18993e-08, 0.998693)
bones/49/rotation = Quaternion(0.380517, 0.046891, 0.0781792, 0.920269)
bones/50/rotation = Quaternion(5.56314e-08, -0.00317368, -6.43063e-08, 0.999995)
bones/51/rotation = Quaternion(-0.0583329, -0.00292508, 0.0106684, 0.998236)
bones/71/position = Vector3(0.142476, 1.34315, -0.000937913)
bones/71/rotation = Quaternion(-0.0153743, 0.583162, 0.812172, -0.00788786)
bones/72/position = Vector3(-0.0976055, 1.33589, -0.00472973)
bones/72/rotation = Quaternion(-0.0153743, 0.583162, 0.812172, -0.00788786)

[node name="RightHand_Attachment" parent="RigPivot/CharacterRig" index="2"]
transform = Transform3D(-0.973778, -0.218918, -0.0618989, 0.151266, -0.826266, 0.542589, -0.169928, 0.518998, 0.837714, -0.311028, 0.986896, 0.10951)

[node name="LeftHand_Attachment" parent="RigPivot/CharacterRig" index="3"]
transform = Transform3D(-0.997991, -0.0433016, -0.0462687, 0.007956, -0.809969, 0.58642, -0.062869, 0.584873, 0.808685, 0.321343, 0.98983, 0.0869147)

[node name="RayAttachment" type="BoneAttachment3D" parent="RigPivot/CharacterRig"]
transform = Transform3D(-0.973778, -0.218918, -0.0618989, 0.151266, -0.826266, 0.542589, -0.169928, 0.518998, 0.837714, -0.311028, 0.986896, 0.10951)
bone_name = "DEF-hand.R"
bone_idx = 51
use_external_skeleton = true
external_skeleton = NodePath("../CharacterRig/GameRig/Skeleton3D")

[node name="AttackCast" type="RayCast3D" parent="RigPivot/CharacterRig/RayAttachment"]
transform = Transform3D(0.998799, -0.0440167, 0.021479, 0.0231146, 0.0369911, -0.999048, 0.0431803, 0.998345, 0.0379641, -0.0272003, 0.0810107, -0.0281791)
target_position = Vector3(0, 1, 0)
collision_mask = 8
script = ExtResource("4_gwnis")

[editable path="RigPivot/CharacterRig"]
[editable path="RigPivot/CharacterRig/CharacterRig"]
