[gd_scene load_steps=6 format=3 uid="uid://bb6mbofwl8l13"]

[ext_resource type="Script" uid="uid://b7bvj8if4dxwq" path="res://Player/Player.cs" id="1_l8h54"]
[ext_resource type="Script" uid="uid://c0pyk3jqq7oso" path="res://Player/SmoothCameraArm.cs" id="2_4ntmi"]
[ext_resource type="PackedScene" uid="uid://bmrhm0bna4yd3" path="res://Player/CharacterRig.tscn" id="3_btcbx"]
[ext_resource type="Script" uid="uid://7fvpxx12jwe4" path="res://Player/AttackCast.cs" id="4_gwnis"]

[sub_resource type="CapsuleShape3D" id="CapsuleShape3D_hvfyp"]

[node name="Player" type="CharacterBody3D"]
script = ExtResource("1_l8h54")

[node name="CollisionShape3D" type="CollisionShape3D" parent="."]
shape = SubResource("CapsuleShape3D_hvfyp")

[node name="SmoothCameraArm" type="SpringArm3D" parent="." node_paths=PackedStringArray("_target")]
transform = Transform3D(1, 0, 0, 0, 0.906308, 0.422618, 0, -0.422618, 0.906308, 0, 0, 0)
spring_length = 3.0
script = ExtResource("2_4ntmi")
_target = NodePath("../HorizontalPivot/VerticalPivot")

[node name="Camera3D" type="Camera3D" parent="SmoothCameraArm"]

[node name="HorizontalPivot" type="Node3D" parent="."]

[node name="VerticalPivot" type="Node3D" parent="HorizontalPivot"]

[node name="RigPivot" type="Node3D" parent="."]

[node name="CharacterRig" parent="RigPivot" instance=ExtResource("3_btcbx")]
transform = Transform3D(-1, 0, -8.74228e-08, 0, 1, 0, 8.74228e-08, 0, -1, 0, -0.977566, 0)

[node name="Skeleton3D" parent="RigPivot/CharacterRig/CharacterRig/GameRig" index="0"]
bones/0/position = Vector3(0.00794141, 0.891553, -0.0334746)
bones/1/rotation = Quaternion(-0.0548088, 0.00022436, 0.00496514, 0.998485)
bones/2/rotation = Quaternion(8.75132e-05, 0.000301234, -0.0106423, 0.999943)
bones/3/position = Vector3(-3.91015e-10, 0.195418, -2.41024e-08)
bones/3/rotation = Quaternion(-0.142212, 0.00824525, -0.00691928, 0.989778)
bones/4/rotation = Quaternion(0.32132, 0.0143254, 0.0474328, 0.945674)
bones/6/rotation = Quaternion(-0.161719, -0.0118094, -0.0333205, 0.986203)
bones/7/position = Vector3(0.00794138, 0.891553, -0.0334745)
bones/8/position = Vector3(0.00794136, 0.891553, -0.0334746)
bones/9/position = Vector3(0.139085, 0.957524, -0.0194069)
bones/9/rotation = Quaternion(0.996777, 0.0103892, -0.0309225, 0.0732904)
bones/10/position = Vector3(-1.81055e-08, 0.265092, -1.15354e-08)
bones/10/rotation = Quaternion(-2.46446e-08, -0.00229958, 1.18196e-08, 0.999997)
bones/11/position = Vector3(-3.65583e-08, 0.265092, 1.97864e-08)
bones/11/rotation = Quaternion(0.487713, -0.00275148, 0.00139961, 0.872999)
bones/12/position = Vector3(2.31959e-08, 0.225076, 3.96192e-08)
bones/12/rotation = Quaternion(9.01591e-09, -0.0057301, 3.86863e-08, 0.999984)
bones/13/position = Vector3(-2.35969e-08, 0.225076, 2.05639e-08)
bones/13/rotation = Quaternion(-0.706231, 0.00995363, 0.00585495, 0.707887)
bones/15/position = Vector3(-0.123202, 0.957524, -0.019407)
bones/15/rotation = Quaternion(0.964953, -0.00326604, 0.0259526, 0.261116)
bones/16/position = Vector3(-9.79758e-09, 0.265518, -4.43913e-08)
bones/16/rotation = Quaternion(-2.19071e-08, 0.00373001, -1.02918e-08, 0.999993)
bones/17/position = Vector3(1.62533e-08, 0.265519, 4.5822e-09)
bones/17/rotation = Quaternion(0.45186, 0.0040652, -0.00182894, 0.892078)
bones/18/position = Vector3(1.01264e-08, 0.225529, -3.88938e-09)
bones/18/rotation = Quaternion(-3.10564e-08, -0.0081692, 2.25809e-08, 0.999967)
bones/19/position = Vector3(-9.40558e-09, 0.225529, 7.60435e-09)
bones/19/rotation = Quaternion(-0.695812, -0.0283202, 0.00175617, 0.717664)
bones/21/position = Vector3(0.0283271, 1.4111, 0.0660463)
bones/21/rotation = Quaternion(-0.498986, -0.245412, -0.408028, 0.724085)
bones/22/position = Vector3(0.19198, 1.44298, -0.00162655)
bones/22/rotation = Quaternion(0.0365669, -0.0656556, 0.988805, -0.128904)
bones/23/rotation = Quaternion(5.1679e-08, -0.0323937, -2.68119e-08, 0.999475)
bones/24/rotation = Quaternion(0.352915, -0.0268927, -0.101901, 0.929701)
bones/25/rotation = Quaternion(8.29032e-08, 0.0193276, 7.86708e-08, 0.999813)
bones/26/rotation = Quaternion(-0.0117406, 0.0192251, -0.0935045, 0.995364)
bones/46/position = Vector3(-0.00809916, 1.41212, 0.0664384)
bones/46/rotation = Quaternion(-0.505448, 0.22902, 0.372222, 0.743991)
bones/47/position = Vector3(-0.162419, 1.45306, -0.014056)
bones/47/rotation = Quaternion(-0.0931612, -0.209908, 0.951965, 0.202542)
bones/48/rotation = Quaternion(5.3343e-08, 0.00143514, 5.89014e-08, 0.999999)
bones/49/rotation = Quaternion(0.317159, -0.00580261, 0.0997793, 0.943091)
bones/50/rotation = Quaternion(-6.00339e-08, -0.0100022, -1.08711e-07, 0.99995)
bones/51/rotation = Quaternion(0.0699095, -0.00988155, 0.0287986, 0.997089)
bones/71/position = Vector3(0.127424, 1.32957, -0.0068073)
bones/71/rotation = Quaternion(0.0129471, 0.597287, 0.801883, 0.00797532)
bones/72/position = Vector3(-0.112758, 1.33634, -0.00422202)
bones/72/rotation = Quaternion(0.0129471, 0.597287, 0.801883, 0.00797532)

[node name="RightHand_Attachment" parent="RigPivot/CharacterRig" index="2"]
transform = Transform3D(-0.97958, -0.200111, 0.0194789, 0.19401, -0.915373, 0.352778, -0.0527643, 0.349353, 0.935504, -0.327047, 0.974351, -0.0858958)

[node name="LeftHand_Attachment" parent="RigPivot/CharacterRig" index="3"]
transform = Transform3D(-0.99769, -0.0673689, -0.00878218, 0.0511295, -0.829664, 0.555916, -0.0447377, 0.554183, 0.831192, 0.293943, 0.962534, 0.102773)

[node name="RayAttachment" type="BoneAttachment3D" parent="RigPivot/CharacterRig"]
transform = Transform3D(-0.97958, -0.200111, 0.0194789, 0.19401, -0.915373, 0.352778, -0.0527643, 0.349353, 0.935504, -0.327047, 0.974351, -0.0858958)
bone_name = "DEF-hand.R"
bone_idx = 51
use_external_skeleton = true
external_skeleton = NodePath("../CharacterRig/GameRig/Skeleton3D")

[node name="AttackCast" type="RayCast3D" parent="RigPivot/CharacterRig/RayAttachment"]
transform = Transform3D(0.998799, -0.0440167, 0.021479, 0.0231146, 0.0369911, -0.999048, 0.0431803, 0.998345, 0.0379641, -0.0272003, 0.0810107, -0.0281791)
target_position = Vector3(0, 1, 0)
script = ExtResource("4_gwnis")

[editable path="RigPivot/CharacterRig"]
[editable path="RigPivot/CharacterRig/CharacterRig"]
