[gd_scene load_steps=6 format=3 uid="uid://bb6mbofwl8l13"]

[ext_resource type="Script" uid="uid://b7bvj8if4dxwq" path="res://Player/Player.cs" id="1_l8h54"]
[ext_resource type="Script" uid="uid://c0pyk3jqq7oso" path="res://Player/SmoothCameraArm.cs" id="2_4ntmi"]
[ext_resource type="PackedScene" uid="uid://bmrhm0bna4yd3" path="res://Player/CharacterRig.tscn" id="3_btcbx"]
[ext_resource type="Script" uid="uid://7fvpxx12jwe4" path="res://Player/AttackCast.cs" id="4_gwnis"]

[sub_resource type="CapsuleShape3D" id="CapsuleShape3D_hvfyp"]

[node name="Player" type="CharacterBody3D"]
script = ExtResource("1_l8h54")

[node name="CollisionShape3D" type="CollisionShape3D" parent="."]
shape = SubResource("CapsuleShape3D_hvfyp")

[node name="SmoothCameraArm" type="SpringArm3D" parent="." node_paths=PackedStringArray("_target")]
transform = Transform3D(1, 0, 0, 0, 0.906308, 0.422618, 0, -0.422618, 0.906308, 0, 0, 0)
spring_length = 3.0
script = ExtResource("2_4ntmi")
_target = NodePath("../HorizontalPivot/VerticalPivot")

[node name="Camera3D" type="Camera3D" parent="SmoothCameraArm"]

[node name="HorizontalPivot" type="Node3D" parent="."]

[node name="VerticalPivot" type="Node3D" parent="HorizontalPivot"]

[node name="RigPivot" type="Node3D" parent="."]

[node name="CharacterRig" parent="RigPivot" instance=ExtResource("3_btcbx")]
transform = Transform3D(-1, 0, -8.74228e-08, 0, 1, 0, 8.74228e-08, 0, -1, 0, -0.977566, 0)

[node name="RightHand_Attachment" parent="RigPivot/CharacterRig" index="2"]
transform = Transform3D(-0.576657, -0.787395, 0.217892, 0.800511, -0.491271, 0.343272, -0.163247, 0.372375, 0.913612, -0.494785, 0.0142507, 1.48902)

[node name="LeftHand_Attachment" parent="RigPivot/CharacterRig" index="3"]
transform = Transform3D(-0.110894, 0.922654, -0.369341, -0.990899, -0.0741127, 0.112374, 0.0763092, 0.378441, 0.922475, 0.758809, 0.00429976, 1.26674)

[node name="RayAttachment" type="BoneAttachment3D" parent="RigPivot/CharacterRig"]
transform = Transform3D(-0.576657, -0.787395, 0.217892, 0.800511, -0.491271, 0.343272, -0.163247, 0.372375, 0.913612, -0.494785, 0.0142507, 1.48902)
bone_name = "DEF-hand.R"
bone_idx = 51
use_external_skeleton = true
external_skeleton = NodePath("../CharacterRig/GameRig/Skeleton3D")

[node name="AttackCast" type="RayCast3D" parent="RigPivot/CharacterRig/RayAttachment"]
transform = Transform3D(0.998799, -0.0440167, 0.021479, 0.0231146, 0.0369911, -0.999048, 0.0431803, 0.998345, 0.0379641, -0.0272003, 0.0810107, -0.0281791)
target_position = Vector3(0, 1, 0)
collision_mask = 8
script = ExtResource("4_gwnis")

[editable path="RigPivot/CharacterRig"]
[editable path="RigPivot/CharacterRig/CharacterRig"]
